6.664192991064433969e+00
3.907339021313536609e+00
-4.888569488445545508e-01
-6.049822188810931589e-01
6.938522040729705465e-01
8.237820473053383274e-01
5.998038548659754277e-01
8.364288689934160637e-01
1.585409980410081021e-01
4.037666586509414679e-01
-5.133038392585984044e-02
1.303616428075349942e+00
-8.145765880488162747e-01
-5.723496596296601124e-01
-2.188352391768120686e+00
-3.802895835529029434e+00
-8.955450365457724438e-01
6.248515532682002771e+00
6.049013170967139530e+00
2.660133042283448823e+00
2.595500163993548437e+00
0.000000000000000000e+00
0.000000000000000000e+00
0.000000000000000000e+00
0.000000000000000000e+00
0.000000000000000000e+00
0.000000000000000000e+00
