-2.112281609507369140e+01
-8.623771518526888258e+01
8.594827745871235436e+00
-7.675427023364498336e-01
1.242722674523620174e+00
-6.337817716780835831e+00
6.301487770244778019e-01
-6.421625307073264288e+00
3.603644805412997254e+00
-4.102074613454457008e+00
7.066029645592854180e+00
1.753578914195287108e+00
7.145102381906795586e+00
1.332226130418629850e+01
4.861271216823278785e+00
9.391482701920692122e+00
-3.174766546915805954e+00
4.617417731700523831e+00
-5.866538498896848530e+00
-8.157847159811380422e+00
8.834206259925482030e+00
-8.513861110317666459e+00
2.613071307035522928e+00
-9.571545594780090926e-01
-5.217610023513266526e+00
0.000000000000000000e+00
0.000000000000000000e+00
